0.0
0.0
0.0
1.772307211399343
1.2392719072578693
1.3192489236318572
1.0127972053202043
0.0
0.0
1.7222195467366568
1.507125941751216
0.0
1.504294011899038
2.1640376252166726
2.090903667877754
0.0
0.0
7.105427357601002e-15
1.0076720087733406
2.5422692277785046
2.4894151700493623
2.2844591951747475
0.0
2.1567759816376473
0.8096203965979107
1.5646017085882171
0.2467774652565211
0.0
0.5597292108940515
0.5597292108940515
0.0
0.0
0.0
3.5658731285929584
2.7272880012770173
3.6077476643053963
0.0
0.257318405373514
0.257318405373514
0.0
-3.552713678800501e-15
0.896873963579111
3.1545686188866604
0.17596284521334127
1.6404915624338763
0.0
1.980152494056739
2.153500644183641
0.0
3.098420749916958
3.0984207499169543
0.0
0.09344085240570266
0.0934408524056991
3.2350567433471618
0.0
0.8789337719945287
1.0021467638369508
0.0
7.105427357601002e-15
