0.0
3.552713678800501e-15
2.4903573084331967
0.0
4.267343979640177
4.267343979640177
0.0
4.414021111390664
4.723966711338939
0.0
0.9068216817350425
2.6595668318899808
1.464958358208328
8.51578302974324
1.041767568086037
0.0
0.0
5.60106461618965
4.531746458755002
0.0
3.552713678800501e-15
6.094343433421912
0.0
3.472896344394286
9.834775150502317
0.0
5.638571630850308
5.638571630850301
0.0
0.3882738620277344
0.0
0.13245762169749753
2.0358817091583497
4.046782983101245
0.0
1.8008788159895524
4.567291854716057
2.0185066905092803
5.508441065879055
7.662311770845957
0.0
1.5139607556104195
6.299298358337696
1.5212501784943413
6.3548953943262205
0.0
-1.7763568394002505e-15
1.9803800439953712
2.9076411256915726
0.0
0.0
-3.552713678800501e-15
0.0
7.105427357601002e-15
7.863204334104541
7.518532137869485
0.0
2.041511573239763
2.5863013398611017
2.586301339861098
