0.0
0.0
10.766675956795506
13.57979153691775
0.0
1.772307211399343
4.341180833282974
4.341180833282973
4.341180833282973
0.0
0.0
3.2695396314994642
3.269539631499466
4.471679223893343
9.185370675915994
0.0
4.277522212838795
21.48852869869554
0.0
3.72937672293909
8.438592948253476
0.0
3.598721040159198
3.5987210401591945
4.495595003738309
2.5809867634829153
12.421388792556826
9.175238203155946
13.739169668734974
16.1128098481682
0.0
1.980152494056739
1.01204696146268
0.0
3.098420749916958
3.0984207499169543
8.23406848240733
9.03930003347325
18.73609359698476
0.0
6.060310551613156
6.153751404018859
6.1537514040188555
9.295367294960322
12.733975041410186
0.0
1.0975929389725096
1.0975929389725039
3.4914037962213555
4.221037239255324
0.0
0.0
3.13385559795789
3.384623118806502
3.384623118806495
0.0
0.02697319001930243
0.02697319001930154
0.026973190019305093
5.819806286225116
