0.0
1.772307211399343
4.341180833282974
0.0
0.0
3.2695396314994642
3.269539631499466
0.0
2.8131155801222434
0.0
0.0
0.0
0.0
2.9812823738670424
7.638436271058193
0.0
3.598721040159198
3.5987210401591945
4.495595003738309
4.4955950037383055
4.4955950037383055
0.0
1.0009360042282793
2.8022241029251447
8.184331456995874
0.0
3.72937672293909
0.0
3.156083695952706
7.433605908791501
0.0
3.098420749916958
3.0984207499169543
0.0
1.980152494056739
2.153500644183641
1.7947565825773566
0.0
0.8789337719945287
1.6841653230604514
0.0
0.09344085240570266
0.0934408524056991
3.2350567433471618
8.408440484569802
0.0
-7.105427357601002e-15
2.3938108572488446
3.35003415511585
3.350034155115843
0.0
0.02697319001930243
0.02697319001930154
0.026973190019305093
0.026973190019305093
0.0
0.0
0.0
3.13385559795789
3.158033263973465
