0.0
2.2907428421081377
3.4707506839681024
3.4800316465517973
0.0
3.552713678800501e-15
2.3927933308156426
0.0
3.644494991507951
0.0
-3.552713678800501e-15
0.31497689257244943
0.5286243676521813
1.1297829053377093
1.1297829053377058
2.547958469870652
1.874959875509333
0.0
0.0
0.0
-7.105427357601002e-15
1.6454806511216304
1.6454806511216304
2.266443018260933
4.014367262869424
0.0
3.552713678800501e-15
-3.552713678800501e-15
2.189711040447108
1.1396808483278527
0.0
0.0
0.5469395550479987
0.0
0.3882738620277344
0.0
0.6402093302899701
2.5366428106977814
2.8357241118291903
2.8357241118291903
0.0
0.0
2.1138592374785237
1.4889803283334206
1.4889803283334189
0.0
2.0109012739428955
0.0
0.5404989164914387
3.760417166302288
0.0
-3.552713678800501e-15
0.0
1.850315802983964
2.1372539349369433
4.839962757801672
0.0
8.643613033879504
5.481956912323005
3.7302500912850682
