0.0
4.267343979640177
4.267343979640177
10.822237164300837
0.0
7.488249272927014
11.90621927129026
14.198074704334694
14.606857272381426
0.0
0.9068216817350425
2.6595668318899808
5.441554868206886
5.751500468155161
10.268688118582098
0.0
9.18548554661092
15.279828980032828
0.0
5.638571630850308
5.638571630850308
28.173155580423945
0.0
0.0
6.761723638782158
0.0
2.886169935957721
3.2744437979854517
13.278270709261342
21.41781309608792
0.0
0.13245762169749753
2.0358817091583497
4.046782983101245
0.0
1.5139607556104195
6.299298358337696
1.5212501784943413
11.721816598223256
19.883208668049136
0.0
1.8008788159895524
4.567291854716057
4.567291854716057
15.115554992231473
0.0
9.720012666171538
18.420578214037562
18.42057821403756
0.0
-1.7763568394002505e-15
1.9803800439953712
2.9076411256915726
22.13305538379542
0.0
3.552713678800501e-15
7.105427357601002e-15
8.949909121901502
12.59288855166762
12.59288855166762
