0.0
3.552713678800501e-15
2.3927933308156426
0.0
2.2907428421081377
3.4707506839681024
3.4800316465517973
0.0
3.644494991507951
0.0
-3.552713678800501e-15
0.31497689257244943
0.5286243676521813
1.1297829053377093
1.1297829053377058
0.0
3.552713678800501e-15
-3.552713678800501e-15
2.189711040447108
1.1396808483278527
2.547958469870652
1.874959875509333
0.0
-7.105427357601002e-15
1.6454806511216304
1.6454806511216304
2.266443018260933
4.014367262869424
0.0
0.0
0.0
0.0
0.3882738620277344
0.0
0.6402093302899701
1.1416776024019448
1.1416776024019448
0.0
0.27677187351748245
0.0
0.0
2.1138592374785237
3.7735036684990266
1.5814508396958225
1.581450839695826
3.131212302752502
3.5017059946091393
7.866986924051773
0.0
1.8718999127389253
5.481956912323005
3.7302500912850682
0.0
1.850315802983964
2.1372539349369433
0.0
-3.552713678800501e-15
0.0
0.5404989164914387
3.760417166302288
