0.0
0.0
0.314976892572453
0.5286243676521849
1.1297829053377129
1.1297829053377093
5.334423690729718
6.514431532589683
6.523712495173378
0.0
11.575530361700153
3.644494991507944
10.92449024822476
8.451199799190729
10.843993130006368
0.0
5.726289595634185
5.726289595634189
5.7262895956341815
7.1733573581848695
7.794319725324172
9.542243969932663
10.7925680477967
10.965313987162109
0.0
0.0
6.974695621572408
17.74312673459692
18.734527467460566
20.380008118582204
0.0
0.0
0.0
9.18548554661092
9.185485546610916
0.0
0.6402093302899701
2.5366428106977814
2.8357241118291903
2.8357241118291903
15.320473434041164
15.320473434041169
0.0
16.528955629462363
9.983078260062989
0.0
5.321250198445622
18.10592608816334
20.500538757303566
0.0
0.5404989164914387
9.380368104399665
11.391269378342564
0.0
4.839962757801672
8.450019757385752
11.038318256788484
14.1792642127211
20.94436658288668
20.944366582886676
