0.0
0.0
0.0
0.0
0.0
0.0
3.2695396314994642
0.9333557020054677
0.1640967105691331
1.0133327183794592
0.0
2.8131155801222434
0.0
1.772307211399343
4.341180833282974
0.0
0.0
3.72937672293909
0.0
2.7272880012770138
3.6077476643053927
0.0
0.257318405373514
0.257318405373514
0.0
-3.552713678800501e-15
0.896873963579111
3.1545686188866604
0.17596284521334127
1.6404915624338763
0.0
1.980152494056739
2.153500644183641
0.0
0.8789337719945287
1.6841653230604514
0.0
0.09344085240570266
0.0934408524056991
3.2350567433471618
0.0
7.105427357601002e-15
0.0
3.098420749916958
3.0984207499169543
0.0
0.0
0.0
3.13385559795789
0.0
0.02697319001930243
0.02697319001930154
0.026973190019305093
0.026973190019305093
0.0
-7.105427357601002e-15
2.3938108572488446
3.2385615551127174
2.3481468243138863
1.7950085917882959
