0.0
0.0
0.0
0.0
1.1800078418599647
1.1892888044436596
0.0
3.552713678800501e-15
2.3927933308156426
0.0
0.0
0.314976892572453
0.5286243676521849
1.1297829053377129
1.1297829053377093
0.0
2.547958469870652
1.874959875509333
2.265939435024805
0.0
-7.105427357601002e-15
1.6454806511216304
1.6454806511216304
2.266443018260933
0.0
3.552713678800501e-15
-3.552713678800501e-15
3.2689130824595196
2.189711040447108
2.053820160459413
0.0
0.0
0.27677187351748245
0.0
0.29908130113140885
0.29908130113140885
0.0
0.3882738620277344
0.0
0.0
3.3136747864711555
2.1138592374785237
2.209697806679836
1.4889803283334206
1.4889803283334189
0.0
-3.552713678800501e-15
0.0
0.5404989164914387
3.760417166302288
0.0
1.850315802983964
2.1372539349369433
3.131212302752502
3.5017059946091393
7.866986924051773
0.0
1.8718999127389253
5.481956912323005
3.7302500912850682
