0.0
0.0
3.552713678800501e-15
2.4903573084331967
0.0
1.5989774161979469
5.856216197853257
1.297824581029257
0.0
0.9068216817350425
1.1543834787939105
0.0
0.4374246013921059
0.01423381126981127
1.1641993805148232
0.0
0.0
5.60106461618965
4.531746458755002
0.0
3.472896344394286
0.0
4.246043507185
5.706217353169329
0.0
3.552713678800501e-15
6.094343433421912
0.0
4.892014576976717
2.072728761551563
0.0
0.0
1.5139607556104195
1.5212501784943413
3.0950199161298997
0.0
0.13245762169749753
2.0358817091583497
4.046782983101245
0.0
1.8008788159895524
4.567291854716057
2.0185066905092803
5.508441065879055
3.206595859860297
0.0
-1.7763568394002505e-15
1.9803800439953712
2.9076411256915726
0.0
0.0
-3.552713678800501e-15
0.0
2.041511573239763
2.3496631280938267
0.047973400275740374
1.1346781880727015
0.0
7.105427357601002e-15
7.518532137869485
