0.0
0.0
0.4374246013921059
0.01423381126981127
1.1641993805148232
0.0
0.9068216817350425
1.1543834787939105
0.0
1.5989774161979469
1.297824581029257
5.856216197853257
0.0
3.552713678800501e-15
2.4903573084331967
0.0
0.0
5.60106461618965
4.531746458755002
0.0
3.552713678800501e-15
6.094343433421912
0.0
3.472896344394286
0.0
4.246043507185
5.706217353169329
0.0
4.892014576976717
2.072728761551563
0.0
0.0
0.0
0.0470713666051239
0.06737607455258043
1.9121896673740082
0.0
1.5139607556104195
1.5212501784943413
3.0950199161298997
0.0
2.7664130387265047
0.21762787451972798
3.7075622498895022
1.4057170438707445
0.0
-1.7763568394002505e-15
1.9803800439953712
2.9076411256915726
0.0
3.552713678800501e-15
7.105427357601002e-15
0.0
-3.552713678800501e-15
0.0
2.4168654439655874
2.0721932477305316
0.0
0.5447897666213422
0.5447897666213386
